{
	"objectId": "legoHub_1HXhfz68f8kk0",
	"name": "legoHub_1",
	"matrix": [],
	"isAnchor": false,
	"ip": "192.168.7.106",
	"version": "3.2.0",
	"deactivated": true,
	"protocol": "R2",
	"tcs": "3dR1HE",
	"visible": false,
	"visibleText": false,
	"visibleEditing": false,
	"memory": {},
	"memoryCameraMatrix": {},
	"memoryProjectionMatrix": {},
	"frames": {
		"legoHub_1HXhfz68f8kk0test": {
			"objectId": null,
			"name": "test",
			"visualization": "ar",
			"ar": {
				"x": 32.96087262935043,
				"y": 23.480676458256937,
				"scale": 1,
				"matrix": []
			},
			"screen": {
				"x": 0,
				"y": 0,
				"scale": 1
			},
			"visible": false,
			"visibleText": false,
			"visibleEditing": false,
			"developer": true,
			"links": {},
			"nodes": {},
			"location": "local",
			"src": "editor",
			"privateData": {},
			"publicData": {},
			"staticCopy": false,
			"distanceScale": 1,
			"groupID": null
		},
		"legoHub_1HXhfz68f8kk0IO": {
			"objectId": "legoHub_1HXhfz68f8kk0",
			"name": "IO",
			"visualization": "ar",
			"ar": {
				"x": 0,
				"y": 0,
				"scale": 1,
				"matrix": []
			},
			"screen": {
				"x": 0,
				"y": 0,
				"scale": 1
			},
			"visible": false,
			"visibleText": false,
			"visibleEditing": false,
			"developer": true,
			"links": {
				"bB6cnc27": {
					"objectA": "legoHub_1HXhfz68f8kk0",
					"frameA": "legoHub_1HXhfz68f8kk0IO",
					"nodeA": "legoHub_1HXhfz68f8kk0IOport A",
					"logicA": false,
					"namesA": [
						"legoHub_1",
						"IO",
						"port A"
					],
					"objectB": "legoHub_1HXhfz68f8kk0",
					"frameB": "legoHub_1HXhfz68f8kk0slider57j48j5qeynq",
					"nodeB": "legoHub_1HXhfz68f8kk0slider57j48j5qeynqvalue",
					"logicB": false,
					"namesB": [
						"legoHub_1",
						"slider57j48j5qeynq",
						"value"
					],
					"lastEditor": "WRY6t9k7",
					"loop": false
				}
			},
			"nodes": {
				"legoHub_1HXhfz68f8kk0IOport A": {
					"name": "port A",
					"objectId": "legoHub_1HXhfz68f8kk0",
					"frameId": "legoHub_1HXhfz68f8kk0IO",
					"data": {
						"value": null,
						"mode": "f",
						"unit": false,
						"unitMin": 0,
						"unitMax": 1
					},
					"x": -191.80531515077803,
					"y": 113.26550996170829,
					"scale": 0.2606397242368076,
					"matrix": [
						0.9992104062647359,
						-0.0070926817387118035,
						-0.03910920085771963,
						1.3877787807814457e-17,
						0.0061526252940860005,
						0.9996909673059164,
						-0.024106022854724074,
						-5.551115123125783e-17,
						0.03926887516072419,
						0.023846189410932084,
						0.9989448895980217,
						-1.1102230246251565e-16,
						-16.021223763100352,
						-14.788884367444552,
						3.0349728243309073,
						1.0000000000000568
					],
					"type": "node",
					"stress": 0,
					"privateData": {},
					"publicData": {
						"motorRotation": {
							"rotationAngle": 1,
							"rotationCount": 0,
							"absoluteDeg": 1
						}
					},
					"frameSizeX": 100,
					"frameSizeY": 100,
					"processedData": {
						"value": null,
						"mode": "f",
						"unit": false,
						"unitMin": 0,
						"unitMax": 1
					}
				},
				"legoHub_1HXhfz68f8kk0IOport B": {
					"name": "port B",
					"objectId": "legoHub_1HXhfz68f8kk0",
					"frameId": "legoHub_1HXhfz68f8kk0IO",
					"data": {
						"value": null,
						"mode": "f",
						"unit": false,
						"unitMin": 0,
						"unitMax": 1
					},
					"x": -311.52587190571126,
					"y": -81.27390526533483,
					"scale": 0.3291347237012873,
					"matrix": [
						0.9999560269431775,
						0.009335216988123562,
						-0.0016925885150342879,
						5.551115123125783e-17,
						-0.009335537780675196,
						0.9999564342592038,
						0.00022529911026936134,
						-1.1102230246251565e-16,
						0.0016940482126770462,
						-0.00020974177837729258,
						0.9999978772802933,
						-4.440892098500626e-16,
						22.51033684415961,
						-1.6726451118302066,
						-1.9171958421065938,
						0.9999999999998295
					],
					"type": "node",
					"stress": 0,
					"privateData": {},
					"publicData": {
						"motorRotation": {
							"rotationAngle": 230,
							"rotationCount": 1,
							"absoluteDeg": 590
						}
					},
					"frameSizeX": 100,
					"frameSizeY": 100,
					"processedData": {
						"value": null,
						"mode": "f",
						"unit": false,
						"unitMin": 0,
						"unitMax": 1
					}
				},
				"legoHub_1HXhfz68f8kk0IOport C": {
					"name": "port C",
					"objectId": "legoHub_1HXhfz68f8kk0",
					"frameId": "legoHub_1HXhfz68f8kk0IO",
					"data": {
						"value": 0.00784313725490196,
						"mode": "f",
						"unit": false,
						"unitMin": 0,
						"unitMax": 1
					},
					"x": 225.5342494212576,
					"y": -328.58456234446214,
					"scale": 0.4004835792635389,
					"matrix": [
						0.9997693958472249,
						0.020302345628247842,
						0.00702397989138781,
						4.163336342344337e-17,
						-0.020002527677000614,
						0.9989783574955311,
						-0.04051373557985016,
						2.220446049250313e-16,
						-0.007838557015084291,
						0.0403639368408335,
						0.9991535932411466,
						5.551115123125783e-16,
						10.108647796463629,
						-19.457036838881322,
						15.277045213908423,
						0.9999999999994316
					],
					"type": "node",
					"stress": 0,
					"privateData": {},
					"publicData": {
						"colorLuminance": {
							"r": 3,
							"g": 2,
							"b": 1
						}
					},
					"frameSizeX": 100,
					"frameSizeY": 100,
					"processedData": {
						"value": 0.00784313725490196,
						"mode": "f",
						"unit": false,
						"unitMin": 0,
						"unitMax": 1
					}
				},
				"legoHub_1HXhfz68f8kk0IOport D": {
					"name": "port D",
					"objectId": "legoHub_1HXhfz68f8kk0",
					"frameId": "legoHub_1HXhfz68f8kk0IO",
					"data": {
						"value": null,
						"mode": "f",
						"unit": false,
						"unitMin": 0,
						"unitMax": 1
					},
					"x": -181.35295340015827,
					"y": -232.47397764008448,
					"scale": 0.5243127719398359,
					"matrix": [
						0.9920424903358613,
						-0.0682000080634495,
						-0.10583207284337703,
						-1.3877787807814457e-17,
						0.06234802285475993,
						0.9963881954660252,
						-0.05764159525220691,
						-3.3306690738754696e-16,
						0.10938153844529808,
						0.0505858416527758,
						0.9927109587951009,
						-1.1102230246251565e-16,
						-59.78499838730204,
						-31.152118050900754,
						9.29650515402318,
						1
					],
					"type": "node",
					"stress": 0,
					"privateData": {},
					"publicData": {
						"motorRotation": {
							"rotationAngle": -77,
							"rotationCount": 0,
							"absoluteDeg": -77
						}
					},
					"frameSizeX": 100,
					"frameSizeY": 100,
					"processedData": {
						"value": null,
						"mode": "f",
						"unit": false,
						"unitMin": 0,
						"unitMax": 1
					}
				},
				"legoHub_1HXhfz68f8kk0IOport E": {
					"name": "port E",
					"objectId": "legoHub_1HXhfz68f8kk0",
					"frameId": "legoHub_1HXhfz68f8kk0IO",
					"data": {
						"value": 0.5,
						"mode": "f",
						"unit": false,
						"unitMin": 0,
						"unitMax": 1
					},
					"x": 319.11131768095726,
					"y": -206.88576554569627,
					"scale": 0.4142579283604823,
					"matrix": [
						0.9999959035004142,
						0.0024196902823856448,
						-0.0016234373083641174,
						-3.469446951953614e-18,
						-0.0024147491799908494,
						0.9999935132141502,
						0.002618533442756643,
						5.551115123125783e-17,
						0.0016300371338218156,
						-0.0026136952720037243,
						0.9999956836950332,
						-3.3306690738754696e-16,
						-0.8623975726295612,
						1.732814496368519,
						-0.4850876569398679,
						1.000000000000341
					],
					"type": "node",
					"stress": 0,
					"privateData": {},
					"publicData": {
						"tilt": {
							"x": 0,
							"y": -1
						}
					},
					"frameSizeX": 100,
					"frameSizeY": 100,
					"processedData": {
						"value": 0.5,
						"mode": "f",
						"unit": false,
						"unitMin": 0,
						"unitMax": 1
					}
				},
				"legoHub_1HXhfz68f8kk0IObutton": {
					"name": "button",
					"objectId": "legoHub_1HXhfz68f8kk0",
					"frameId": "legoHub_1HXhfz68f8kk0IO",
					"data": {
						"value": 0,
						"mode": "f",
						"unit": false,
						"unitMin": 0,
						"unitMax": 1
					},
					"x": 258.6830643574589,
					"y": 49.98504402515155,
					"scale": 0.4401101276324502,
					"matrix": [
						0.9995849017829972,
						-0.01643546947452279,
						-0.023669728832786063,
						6.245004513516506e-17,
						0.01620730507199397,
						0.9998206880200087,
						-0.009789480637408587,
						-1.1102230246251565e-16,
						0.023826057496933117,
						0.009402175127803503,
						0.9996715420357987,
						-7.771561172376096e-16,
						-19.869208568765316,
						-8.113564182611299,
						-0.16749513571267016,
						1.0000000000005684
					],
					"type": "node",
					"stress": 0,
					"privateData": {},
					"publicData": {},
					"frameSizeX": 100,
					"frameSizeY": 100,
					"processedData": {
						"value": 0,
						"mode": "f",
						"unit": false,
						"unitMin": 0,
						"unitMax": 1
					}
				},
				"legoHub_1HXhfz68f8kk0IOlight": {
					"name": "light",
					"objectId": "legoHub_1HXhfz68f8kk0",
					"frameId": "legoHub_1HXhfz68f8kk0IO",
					"data": {
						"value": 0,
						"mode": "f",
						"unit": "",
						"unitMin": 0,
						"unitMax": 1
					},
					"x": 89.05662157462527,
					"y": -263.47917214292795,
					"scale": 0.2,
					"matrix": [
						0.9957689213374303,
						-0.06299150656086994,
						-0.06690192221283553,
						4.163336342344337e-17,
						0.05747429400261339,
						0.9950233016589181,
						-0.08139854463334473,
						-5.551115123125783e-17,
						0.07169524958624152,
						0.07720905460328709,
						0.994433907372752,
						-3.3306690738754696e-16,
						-58.77228800793819,
						-12.113151093857596,
						70.83096262559411,
						1.0000000000006821
					],
					"type": "node",
					"stress": 0,
					"privateData": {},
					"publicData": {},
					"frameSizeX": 100,
					"frameSizeY": 100
				}
			},
			"location": "local",
			"src": "editor",
			"privateData": {},
			"publicData": {},
			"staticCopy": false,
			"distanceScale": 1,
			"groupID": null
		},
		"legoHub_1HXhfz68f8kk0slider1lggj2vgr2m4": {
			"objectId": "legoHub_1HXhfz68f8kk0",
			"name": "slider1lggj2vgr2m4",
			"visualization": "ar",
			"ar": {
				"x": 7.391759517403926,
				"y": 41.71374366647842,
				"scale": 0.2,
				"matrix": [
					1.0255731239955548,
					-0.1370400970663681,
					-0.24084454853588966,
					0.000015657509889618892,
					0.02010576062789493,
					0.9621997176934389,
					-0.44799314833027637,
					-0.00000264118245549283,
					0.5344872584075517,
					0.7124059867081343,
					1.7869973083737136,
					0.0009007700682509556,
					62.1404456664759,
					40.124056472675875,
					316.8120583458367,
					0.6423586574079181
				]
			},
			"screen": {
				"x": 0,
				"y": 0,
				"scale": 0.5
			},
			"visible": false,
			"visibleText": false,
			"visibleEditing": false,
			"developer": true,
			"links": {
				"T4q2zar7": {
					"objectA": "legoHub_1HXhfz68f8kk0",
					"frameA": "legoHub_1HXhfz68f8kk0slider1lggj2vgr2m4",
					"nodeA": "legoHub_1HXhfz68f8kk0slider1lggj2vgr2m4value",
					"logicA": false,
					"namesA": [
						"legoHub_1",
						"slider1lggj2vgr2m4",
						"value"
					],
					"objectB": "legoHub_1HXhfz68f8kk0",
					"frameB": "legoHub_1HXhfz68f8kk0IO",
					"nodeB": "legoHub_1HXhfz68f8kk0IOport B",
					"logicB": false,
					"namesB": [
						"legoHub_1",
						"IO",
						"port B"
					],
					"lastEditor": "YoV5czmr",
					"loop": false
				},
				"xU63yhqb": {
					"objectA": "legoHub_1HXhfz68f8kk0",
					"frameA": "legoHub_1HXhfz68f8kk0slider1lggj2vgr2m4",
					"nodeA": "legoHub_1HXhfz68f8kk0slider1lggj2vgr2m4value",
					"logicA": false,
					"namesA": [
						"legoHub_1",
						"slider1lggj2vgr2m4",
						"value"
					],
					"objectB": "legoHub_1HXhfz68f8kk0",
					"frameB": "legoHub_1HXhfz68f8kk0IO",
					"nodeB": "legoHub_1HXhfz68f8kk0IOport A",
					"logicB": false,
					"namesB": [
						"legoHub_1",
						"IO",
						"port A"
					],
					"lastEditor": "FOl2tzeb",
					"loop": false
				}
			},
			"nodes": {
				"legoHub_1HXhfz68f8kk0slider1lggj2vgr2m4value": {
					"name": "value",
					"objectId": "legoHub_1HXhfz68f8kk0",
					"frameId": "legoHub_1HXhfz68f8kk0slider1lggj2vgr2m4",
					"data": {
						"value": 0,
						"mode": "f",
						"unit": false,
						"unitMin": 0,
						"unitMax": 1
					},
					"x": 0,
					"y": 0,
					"scale": 0.25,
					"matrix": [],
					"type": "node",
					"src": "",
					"stress": 0,
					"privateData": {},
					"publicData": {},
					"lockPassword": null,
					"lockType": null,
					"lastEditor": "XIi33vvn",
					"processedData": {
						"value": 0,
						"mode": "f",
						"unit": false,
						"unitMin": 0,
						"unitMax": 1
					}
				}
			},
			"location": "global",
			"src": "slider",
			"privateData": {},
			"publicData": {},
			"staticCopy": false,
			"distanceScale": 1,
			"groupID": null,
			"uuid": "legoHub_1HXhfz68f8kk0slider1lggj2vgr2m4"
		}
	},
	"framesHistory": {},
	"visualization": "ar",
	"zone": "",
	"targetSize": {
		"width": 0.14,
		"height": 0.252347
	},
	"isWorldObject": false,
	"timestamp": null,
	"port": 8080,
	"developer": true
}