{
	"objectId": "moveButtonAG838atmup36",
	"name": "moveButton",
	"matrix": [],
	"isAnchor": false,
	"ip": "10.0.0.33",
	"version": "3.2.0",
	"deactivated": false,
	"protocol": "R2",
	"tcs": "21CwR8",
	"visible": false,
	"visibleText": false,
	"visibleEditing": false,
	"memory": [
		0.974888,
		0.028316,
		-0.22089,
		0,
		-0.220819,
		-0.005633,
		-0.975299,
		0,
		-0.028861,
		0.999583,
		0.000761,
		0,
		196.857697,
		-511.137726,
		-218.02301,
		1
	],
	"memoryCameraMatrix": [
		-0.949922650328159,
		0.2705634130627651,
		0.15633915363671388,
		0,
		0.05548458932636405,
		-0.3463186458139373,
		0.9364742363240769,
		0,
		0.3075194176410267,
		0.8982531131078317,
		0.3139639659260298,
		0,
		121.87686393718438,
		-197.25303379987415,
		-187.38963368813188,
		1
	],
	"memoryProjectionMatrix": [
		-1174.795104,
		0,
		0,
		0,
		0,
		1174.5810000000001,
		0,
		0,
		9.621608,
		-21.54125,
		-2.0004,
		-2,
		0,
		0,
		-4.0004,
		0
	],
	"frames": {
		"moveButtonAG838atmup36IO": {
			"objectId": "moveButtonAG838atmup36",
			"name": "IO",
			"visualization": "ar",
			"ar": {
				"x": -1.0383929260311504,
				"y": -0.1745597586073302,
				"scale": 0.2457496644385292,
				"matrix": []
			},
			"screen": {
				"x": 0,
				"y": 0,
				"scale": 1
			},
			"visible": false,
			"visibleText": false,
			"visibleEditing": false,
			"developer": true,
			"links": {},
			"nodes": {
				"moveButtonAG838atmup36IOmotorA": {
					"name": "motorA",
					"objectId": "moveButtonAG838atmup36",
					"frameId": "moveButtonAG838atmup36IO",
					"data": {
						"value": 0,
						"mode": "f",
						"unit": "",
						"unitMin": 0,
						"unitMax": 1
					},
					"x": -40.43662347379323,
					"y": 22.193416945413688,
					"scale": 0.22175072192283116,
					"matrix": [
						0.9925740065865493,
						-0.11756286916919334,
						-0.031210544148884578,
						-1.8908485888147197e-16,
						0.1209471125401117,
						0.9811631939767409,
						0.15063855337682597,
						-2.7755575615628914e-16,
						0.012913689240440895,
						-0.1532959353261667,
						0.9880960889214307,
						-8.326672684688674e-16,
						-16.683059951888254,
						16.01353332639337,
						-19.761308513023323,
						0.9999999999996874
					],
					"type": "node",
					"stress": 0,
					"privateData": {},
					"publicData": {},
					"frameSizeX": 100,
					"frameSizeY": 100
				},
				"moveButtonAG838atmup36IOmotorB": {
					"name": "motorB",
					"objectId": "moveButtonAG838atmup36",
					"frameId": "moveButtonAG838atmup36IO",
					"data": {
						"value": 0,
						"mode": "f",
						"unit": "",
						"unitMin": 0,
						"unitMax": 1
					},
					"x": 33.859179633547114,
					"y": 2.7402647755985807,
					"scale": 0.2,
					"matrix": [
						0.9954642425905819,
						-0.07981345733584577,
						-0.05176260771948904,
						1.0408340855860843e-17,
						0.08399593487485357,
						0.9928824880123237,
						0.08444114106364964,
						-3.0531133177191805e-16,
						0.044655177449873906,
						-0.08840701017970076,
						0.9950827305794832,
						-5.551115123125783e-17,
						-14.809442126691863,
						12.051110005539158,
						-10.040850147493984,
						1.0000000000000142
					],
					"type": "node",
					"stress": 0,
					"privateData": {},
					"publicData": {},
					"frameSizeX": 100,
					"frameSizeY": 100
				},
				"moveButtonAG838atmup36IOmotorC": {
					"name": "motorC",
					"objectId": "moveButtonAG838atmup36",
					"frameId": "moveButtonAG838atmup36IO",
					"data": {
						"value": 0,
						"mode": "f",
						"unit": "",
						"unitMin": 0,
						"unitMax": 1
					},
					"x": -83.7233886380687,
					"y": 27.516967426492798,
					"scale": 0.2,
					"matrix": [],
					"type": "node",
					"stress": 0,
					"privateData": {},
					"publicData": {},
					"frameSizeX": 100,
					"frameSizeY": 100
				},
				"moveButtonAG838atmup36IOmotorD": {
					"name": "motorD",
					"objectId": "moveButtonAG838atmup36",
					"frameId": "moveButtonAG838atmup36IO",
					"data": {
						"value": 0,
						"mode": "f",
						"unit": "",
						"unitMin": 0,
						"unitMax": 1
					},
					"x": -85.89429912091799,
					"y": 6.587248661437869,
					"scale": 0.2,
					"matrix": [],
					"type": "node",
					"stress": 0,
					"privateData": {},
					"publicData": {},
					"frameSizeX": 100,
					"frameSizeY": 100
				},
				"moveButtonAG838atmup36IOultra": {
					"name": "ultra",
					"objectId": "moveButtonAG838atmup36",
					"frameId": "moveButtonAG838atmup36IO",
					"data": {
						"value": 0,
						"mode": "f",
						"unit": "",
						"unitMin": 0,
						"unitMax": 1
					},
					"x": 9.380527616635732,
					"y": 47.72987936547459,
					"scale": 0.2,
					"matrix": [],
					"type": "node",
					"stress": 0,
					"privateData": {},
					"publicData": {},
					"frameSizeX": 100,
					"frameSizeY": 100
				},
				"moveButtonAG838atmup36IOtouch": {
					"name": "touch",
					"objectId": "moveButtonAG838atmup36",
					"frameId": "moveButtonAG838atmup36IO",
					"data": {
						"value": 0,
						"mode": "f",
						"unit": "",
						"unitMin": 0,
						"unitMax": 1
					},
					"x": 29.00708007266374,
					"y": 46.5068562602052,
					"scale": 0.2,
					"matrix": [],
					"type": "node",
					"stress": 0,
					"privateData": {},
					"publicData": {},
					"frameSizeX": 100,
					"frameSizeY": 100
				},
				"moveButtonAG838atmup36IOcolor": {
					"name": "color",
					"objectId": "moveButtonAG838atmup36",
					"frameId": "moveButtonAG838atmup36IO",
					"data": {
						"value": 0,
						"mode": "f",
						"unit": "",
						"unitMin": 0,
						"unitMax": 1
					},
					"x": -29.325111518358227,
					"y": 20.355078849863602,
					"scale": 0.24919073654794405,
					"matrix": [
						0.9942753870887089,
						0.10223374790741158,
						0.031075003707464077,
						1.249000902703301e-16,
						-0.10622428923721323,
						0.977200953486367,
						0.18383746748158458,
						-4.718447854656915e-16,
						-0.01157415757584343,
						-0.18608516598101943,
						0.9824661926339076,
						-2.7755575615628914e-16,
						19.19772488167976,
						23.753567948288037,
						-25.890620671059878,
						1.0000000000001847
					],
					"type": "node",
					"stress": 0,
					"privateData": {},
					"publicData": {},
					"frameSizeX": 100,
					"frameSizeY": 100
				},
				"moveButtonAG838atmup36IOgyro": {
					"name": "gyro",
					"objectId": "moveButtonAG838atmup36",
					"frameId": "moveButtonAG838atmup36IO",
					"data": {
						"value": 0,
						"mode": "f",
						"unit": "",
						"unitMin": 0,
						"unitMax": 1
					},
					"x": -29.305448014631864,
					"y": 45.369260185809466,
					"scale": 0.2,
					"matrix": [],
					"type": "node",
					"stress": 0,
					"privateData": {},
					"publicData": {},
					"frameSizeX": 100,
					"frameSizeY": 100
				},
				"moveButtonAG838atmup36IOledLeft": {
					"name": "ledLeft",
					"objectId": "moveButtonAG838atmup36",
					"frameId": "moveButtonAG838atmup36IO",
					"data": {
						"value": 0,
						"mode": "f",
						"unit": "",
						"unitMin": 0,
						"unitMax": 1
					},
					"x": 43.12785538541206,
					"y": 12.533859771266194,
					"scale": 0.2,
					"matrix": [],
					"type": "node",
					"stress": 0,
					"privateData": {},
					"publicData": {},
					"frameSizeX": 100,
					"frameSizeY": 100
				},
				"moveButtonAG838atmup36IOledRight": {
					"name": "ledRight",
					"objectId": "moveButtonAG838atmup36",
					"frameId": "moveButtonAG838atmup36IO",
					"data": {
						"value": 0,
						"mode": "f",
						"unit": "",
						"unitMin": 0,
						"unitMax": 1
					},
					"x": 44.56699956783143,
					"y": 31.17899081122522,
					"scale": 0.2,
					"matrix": [],
					"type": "node",
					"stress": 0,
					"privateData": {},
					"publicData": {},
					"frameSizeX": 100,
					"frameSizeY": 100
				},
				"moveButtonAG838atmup36IOspeaker": {
					"name": "speaker",
					"objectId": "moveButtonAG838atmup36",
					"frameId": "moveButtonAG838atmup36IO",
					"data": {
						"value": 0,
						"mode": "f",
						"unit": "",
						"unitMin": 0,
						"unitMax": 1
					},
					"x": 55.56748821320815,
					"y": -58.13187363044523,
					"scale": 0.2626912510488352,
					"matrix": [],
					"type": "node",
					"stress": 0,
					"privateData": {},
					"publicData": {},
					"frameSizeX": 100,
					"frameSizeY": 100
				}
			},
			"location": "local",
			"src": "editor",
			"privateData": {},
			"publicData": {},
			"staticCopy": false,
			"distanceScale": 1,
			"groupID": null
		}
	},
	"framesHistory": {},
	"visualization": "ar",
	"zone": "",
	"targetSize": {
		"width": 0.1,
		"height": 0.158079
	},
	"isWorldObject": false,
	"timestamp": null,
	"port": 8080,
	"developer": true
}